Xh = [ 1.66000000e+002  4.73483091e-310  1.55335667e-311  1.55335667e-311
  3.72805545e-310  2.21873119e+037  1.49667402e+303              nan
  2.15889595e+287              nan              nan              nan
              nan              nan              nan              nan
              nan              nan -3.58138487e+303              nan
 -1.58531141e+304 -3.12322323e+295 -2.60937768e+277 -4.16005334e+306
 -3.14975432e+288  3.40897560e+244  1.15478290e+291 -2.50355719e+281
 -1.42958134e+222 -2.32069493e+276  1.46811142e+257  3.46745476e+299
 -2.61283403e+248 -1.28601196e+305  4.96813372e+225  2.83434233e+297
  6.87365173e+292  1.10966208e+301 -1.11489070e+300  1.40981605e+291
  2.95046222e+277  5.87378434e+305  1.48965488e+270  2.46666266e+303
  2.22847441e+255  1.62731741e+302 -6.25280523e+294 -1.78965014e+291
  3.09615234e+209 -5.07423491e+260 -1.30482880e+306 -3.04926922e+265
  1.61067036e+280 -2.22931640e+273 -5.66213006e+249 -3.35365286e+284
 -1.11666408e+274  3.02357184e+301 -1.54290884e+281  1.12537305e+260
  9.55958536e+256 -4.09730251e+300  3.86360805e+298 -2.35849374e+286
  2.49665179e+302 -9.16361984e+281 -2.90827500e+271 -1.58677871e+294
 -1.48528013e+288  2.31239739e+287 -1.95559014e+260 -2.59556111e+293
  2.09674308e+270 -2.53587108e+306 -1.16489657e+287 -2.73272381e+281
 -1.23471324e+296 -3.65050964e+296  1.43163391e+275 -9.13756359e+305
  1.69314238e+286 -1.92818666e+296  1.54625047e+300 -1.44183699e+298
  4.89762988e+287  8.36363161e+302  1.94219839e+284  8.31854651e+297
 -9.38426777e+289 -1.23165319e+302  2.30350242e+294  1.67529031e+297
  8.22046745e+263  8.38038592e+264 -7.04408801e+302  3.74800721e+288
  3.85074878e+258  8.81470000e+299 -2.62913626e+296 -5.70978670e+298
 -6.00304661e+249 -3.57975972e+274  5.01260531e+301  1.76692366e+291
  1.75879422e+188 -2.06015373e+306 -1.59090157e+301  3.10397271e+305
  7.61042393e+293 -4.50040407e+304  5.68854166e+276  4.39067689e+305
 -1.91836109e+302  6.56668327e+244  4.11687947e+292 -1.30329469e+238
  3.22104169e+289 -6.59009479e+286 -8.16998264e+289 -3.82630029e+302
 -3.72745903e+300 -3.64779275e+277 -4.00334891e+278 -7.10461747e+270
 -5.27544815e+306  5.31928199e+275  1.43701168e+291  1.34103784e+270
 -1.23055044e+301 -1.72109104e+279  3.59913894e+297  1.07739805e+231
 -9.36553014e+282 -1.05508453e+235  2.82712573e+281  1.43876254e+250
  2.41650068e+301  5.48836639e+300 -5.67121416e+284  1.93625063e+287
 -3.57617231e+286  4.26331031e+284  9.12489842e+296 -1.52601764e+213
  7.37475332e+248  3.86649077e+259  4.29670376e+304  2.16750637e+266
  3.10832031e+295  5.27811659e+272 -1.86085951e+304 -5.46185559e+300
 -8.44286948e+279 -1.26831191e+300  1.97337742e+219  1.81999360e+304
 -5.84102817e+216 -5.94847725e+256 -1.36105330e+271  1.33692524e+272
 -3.59732303e+288  6.57328729e+295 -7.56855575e+213  4.25269678e+287
 -1.43137833e+287 -3.05657045e+271 -1.30540831e+303  5.19452614e+301
  6.64829091e+280 -6.43115308e+302 -6.69880275e+304              nan
  2.05014646e+297 -1.49954536e+264              nan -1.09808400e+227
 -5.76456811e+245 -2.39032864e+261  2.33832815e+303  3.48592380e+288
              nan -1.59121696e+203  5.71006224e+297  2.63226299e+300
  2.63829633e+288 -3.05761528e+284  4.97445796e+302 -3.52806555e+271
  4.42715826e+298  1.05919388e+300  2.57528387e+277 -4.08769262e+246
 -6.18042490e+304 -2.07694604e+234 -1.10118671e+294  2.39415264e+302
 -4.10665247e+298 -5.50756189e+187 -1.64295825e+302  2.27727603e+274
  1.69342424e+300              nan -3.24523323e+302 -1.27911777e+274
 -1.00040287e+251 -4.29877691e+279 -4.41787855e+279 -7.16877891e+276
 -2.29534255e+297  6.01700350e+299  8.21821801e+275  1.14541054e+303
  5.04816245e+239 -3.74230314e+302 -1.93617977e+297  2.40880065e+267
 -3.86592065e+283  1.67013131e+258  1.18254706e+304 -7.80367428e+303
  3.06615826e+295  6.08628729e+301  1.08392041e+291  2.41105030e+274
  6.06293758e+304  5.41978778e+269  4.75182682e+298 -1.50049972e+233
  7.74231826e+277 -7.11128672e+283  6.51637927e+287 -6.11789254e+300
 -5.30824844e+280 -7.02196087e+288  6.46850152e+301  2.64775808e+277
 -1.28222292e+267  2.23399332e+301 -1.02604993e+240  1.04366944e+303
  1.22331846e+303  4.98426454e+305 -6.16965514e+301 -1.24304191e+279
  7.34559293e+294  1.50345380e+279 -1.31537111e+291              nan
 -3.63091658e+292 -3.80283027e+221 -1.51557367e+224 -1.17987182e+285
 -7.04666834e+305  1.59365210e+301  1.29308655e+303 -2.95022592e+302
 -7.94894937e+289  1.40443382e+268  5.72673411e+272  1.51509139e+290
  2.10179994e+233 -1.22923591e+276 -4.98279623e+304 -1.96874675e+259
 -3.15297998e+283  1.75551693e+303 -2.90015080e+240  6.29409979e+270
  8.39272106e+261 -1.34849630e+298 -1.61054496e+293  1.29913302e+300
 -1.20819569e+303              nan -5.10174332e+241  1.01007748e+283
 -9.02998232e+287  3.56932874e+283  2.00292132e+270 -8.91504948e+289
  3.07341098e+303  9.29570897e+291 -2.33447718e+293  5.72742469e+302
  1.24765520e+289 -1.07993617e+298  4.78627834e+295 -2.96629008e+301
  8.94534545e+305 -7.16808234e+276 -5.20465283e+284  1.50731503e+300
  1.33499550e+235  1.30985135e+278 -6.20806074e+303  9.75089789e+298
 -5.37977654e+299  1.28196164e+289  1.02292963e+264 -6.24396205e+304]